======================================================================
  PAPER 27 — SIMULATION 1: SCHWARZSCHILD RADIUS FROM LATTICE
  TORSION DENSITY SATURATION
  Merkabit Research Program — Selina Stenberg, 2026
======================================================================

  Lattice: 41x41x41,  G_eff = 0.2542
  Prediction: r_s = 2 * G_eff * M = 0.5084 * M
  Jacobi iterations: 8000

======================================================================
  PART 1: TORSION POTENTIAL PROFILES phi(r) FOR INCREASING M
======================================================================

       M        A_fit          A/M    r_s(pred)    r_s(grad)
  ------   ----------   ----------   ----------   ----------
       1       0.3077     0.307704         0.51         19.0
       2       0.6154     0.307704         1.02         19.0
       3       0.9231     0.307704         1.53         19.0
       5       1.5385     0.307704         2.54         19.0
       8       2.4616     0.307704         4.07         19.0
      10       3.0770     0.307704         5.08         19.0
      15       4.6156     0.307704         7.63         19.0
      20       6.1541     0.307704        10.17         19.0
      30       9.2311     0.307704        15.25         19.0
      40      12.3082     0.307704        20.34         19.0
      50      15.3852     0.307704        25.42         19.0
      60      18.4622     0.307704        30.50         19.0
      80      24.6163     0.307704        40.67         19.0
     100      30.7704     0.307704        50.84         19.0
     150      46.1556     0.307704        76.26         19.0
     200      61.5408     0.307704       101.68         19.0
     300      92.3112     0.307704       152.52         19.0
     500     153.8519     0.307704       254.20         19.0

======================================================================
  PART 2: DISCRETE GRADIENT SATURATION ANALYSIS
======================================================================

  Shell-by-shell gradient ratio g(r)/C(r) for selected M values:

  M = 1:
       r           C(r)           g(r)        g/C    C(r+1)/C(r)
       1       0.248759       0.118058     0.4746       0.525415
       2       0.130702       0.042299     0.3236       0.676372
       3       0.088403       0.023326     0.2639       0.736142
       4       0.065077       0.016187     0.2487       0.751262
       5       0.048890       0.010602     0.2169       0.783145
       6       0.038288       0.007032     0.1837       0.816341
       7       0.031256       0.005384     0.1723       0.827744
       8       0.025872       0.004536     0.1753       0.824677
       9       0.021336       0.003637     0.1705       0.829547
      10       0.017699       0.002775     0.1568       0.843225
      11       0.014924       0.002321     0.1555       0.844511
      12       0.012604       0.002074     0.1645       0.835467
      13       0.010530       0.001758     0.1670       0.833031
      14       0.008772       0.001462     0.1667       0.833327
      15       0.007310       0.001301     0.1780       0.822025
      16       0.006009       0.001216     0.2024       0.797629
      17       0.004793       0.001063     0.2219       0.778114
      18       0.003729       0.000911     0.2443       0.755704
      19       0.002818       0.000821     0.2914       0.708613

  M = 10:
       r           C(r)           g(r)        g/C    C(r+1)/C(r)
       1       2.487594       1.180575     0.4746       0.525415
       2       1.307018       0.422988     0.3236       0.676372
       3       0.884030       0.233258     0.2639       0.736142
       4       0.650772       0.161872     0.2487       0.751262
       5       0.488900       0.106021     0.2169       0.783145
       6       0.382880       0.070319     0.1837       0.816341
       7       0.312560       0.053840     0.1723       0.827744
       8       0.258720       0.045360     0.1753       0.824677
       9       0.213360       0.036368     0.1705       0.829547
      10       0.176992       0.027748     0.1568       0.843225
      11       0.149244       0.023206     0.1555       0.844511
      12       0.126039       0.020737     0.1645       0.835467
      13       0.105301       0.017582     0.1670       0.833031
      14       0.087719       0.014620     0.1667       0.833327
      15       0.073099       0.013010     0.1780       0.822025
      16       0.060089       0.012160     0.2024       0.797629
      17       0.047929       0.010635     0.2219       0.778114
      18       0.037294       0.009111     0.2443       0.755704
      19       0.028183       0.008212     0.2914       0.708613

  M = 50:
       r           C(r)           g(r)        g/C    C(r+1)/C(r)
       1      12.437968       5.902877     0.4746       0.525415
       2       6.535090       2.114939     0.3236       0.676372
       3       4.420151       1.166292     0.2639       0.736142
       4       3.253859       0.809358     0.2487       0.751262
       5       2.444501       0.530103     0.2169       0.783145
       6       1.914398       0.351597     0.1837       0.816341
       7       1.562801       0.269202     0.1723       0.827744
       8       1.293599       0.226798     0.1753       0.824677
       9       1.066801       0.181840     0.1705       0.829547
      10       0.884962       0.138740     0.1568       0.843225
      11       0.746222       0.116029     0.1555       0.844511
      12       0.630193       0.103687     0.1645       0.835467
      13       0.526505       0.087910     0.1670       0.833031
      14       0.438595       0.073102     0.1667       0.833327
      15       0.365493       0.065049     0.1780       0.822025
      16       0.300445       0.060801     0.2024       0.797629
      17       0.239643       0.053173     0.2219       0.778114
      18       0.186470       0.045554     0.2443       0.755704
      19       0.140916       0.041061     0.2914       0.708613

  M = 200:
       r           C(r)           g(r)        g/C    C(r+1)/C(r)
       1      49.751871      23.611510     0.4746       0.525415
       2      26.140361       8.459756     0.3236       0.676372
       3      17.680604       4.665167     0.2639       0.736142
       4      13.015437       3.237433     0.2487       0.751262
       5       9.778004       2.120414     0.2169       0.783145
       6       7.657591       1.406387     0.1837       0.816341
       7       6.251203       1.076807     0.1723       0.827744
       8       5.174397       0.907192     0.1753       0.824677
       9       4.267204       0.727358     0.1705       0.829547
      10       3.539846       0.554958     0.1568       0.843225
      11       2.984888       0.464118     0.1555       0.844511
      12       2.520770       0.414749     0.1645       0.835467
      13       2.106021       0.351640     0.1670       0.833031
      14       1.754382       0.292409     0.1667       0.833327
      15       1.461973       0.260195     0.1780       0.822025
      16       1.201778       0.243205     0.2024       0.797629
      17       0.958573       0.212694     0.2219       0.778114
      18       0.745879       0.182215     0.2443       0.755704
      19       0.563664       0.164245     0.2914       0.708613

======================================================================
  PART 3: DYNAMIC TORSION PROPAGATION FRONT
======================================================================

  Tracking how far torsion propagates as a function of M
  (limited Jacobi iterations = finite propagation speed)

  Dynamic iterations: 200 per step x 30 steps = 6000 total
  (vs 8000 for full convergence)

  M =      1: propagation front =  20 lattice units
             front history: [20, 20, 20, 20, 20, 20]
  M =      2: propagation front =  20 lattice units
             front history: [20, 20, 20, 20, 20, 20]
  M =      5: propagation front =  20 lattice units
             front history: [20, 20, 20, 20, 20, 20]
  M =     10: propagation front =  20 lattice units
             front history: [20, 20, 20, 20, 20, 20]
  M =     20: propagation front =  20 lattice units
             front history: [20, 20, 20, 20, 20, 20]
  M =     50: propagation front =  20 lattice units
             front history: [20, 20, 20, 20, 20, 20]
  M =    100: propagation front =  20 lattice units
             front history: [20, 20, 20, 20, 20, 20]
  M =    200: propagation front =  20 lattice units
             front history: [20, 20, 20, 20, 20, 20]
  M =    500: propagation front =  20 lattice units
             front history: [20, 20, 20, 20, 20, 20]

======================================================================
  PART 4: LATTICE SCHWARZSCHILD RADIUS
======================================================================

  NONLINEAR TORSION SATURATION ANALYSIS

  Reference: C(r=1, M=1) = 0.248759

       M    phi(1)_actual    phi(1)_linear      ratio    deficit
  ------   --------------   --------------   --------   --------
       1         0.248759         0.248759     1.0000     0.0000
       2         0.497519         0.497519     1.0000     0.0000
       3         0.746278         0.746278     1.0000    -0.0000
       5         1.243797         1.243797     1.0000     0.0000
       8         1.990075         1.990075     1.0000     0.0000
      10         2.487594         2.487594     1.0000     0.0000
      15         3.731390         3.731390     1.0000    -0.0000
      20         4.975187         4.975187     1.0000     0.0000
      30         7.462781         7.462781     1.0000    -0.0000
      40         9.950374         9.950374     1.0000     0.0000
      50        12.437968        12.437968     1.0000     0.0000
      60        14.925561        14.925561     1.0000    -0.0000
      80        19.900748        19.900748     1.0000     0.0000
     100        24.875935        24.875935     1.0000     0.0000
     150        37.313903        37.313903     1.0000     0.0000
     200        49.751871        49.751871     1.0000     0.0000
     300        74.627806        74.627806     1.0000     0.0000
     500       124.379676       124.379676     1.0000    -0.0000

  NOTE: On a pure Laplace lattice, phi(r) = M * f(r) is EXACT
  (linearity). The ratio should be 1.0000 for all M.
  Any deviation reveals nonlinear saturation.

======================================================================
  PART 5: SCHWARZSCHILD RADIUS FROM TORSION FLUX SATURATION
======================================================================

  GAUSS FLUX THROUGH SHELLS

  M = 1:
       r    N_shell           C(r)           g(r)        Flux(r)       Flux/M
       1         18       0.248759       0.118058         2.1250       2.1250
       2         62       0.130702       0.042299         2.6225       2.6225
       3         98       0.088403       0.023326         2.2859       2.2859
       4        210       0.065077       0.016187         3.3993       3.3993
       5        350       0.048890       0.010602         3.7107       3.7107
       6        450       0.038288       0.007032         3.1644       3.1644
       7        602       0.031256       0.005384         3.2412       3.2412
       8        762       0.025872       0.004536         3.4564       3.4564
       9       1142       0.021336       0.003637         4.1532       4.1532
      10       1250       0.017699       0.002775         3.4685       3.4685
      11       1458       0.014924       0.002321         3.3834       3.3834
      12       1814       0.012604       0.002074         3.7618       3.7618
      13       2178       0.010530       0.001758         3.8294       3.8294
      14       2498       0.008772       0.001462         3.6522       3.6522
      15       2622       0.007310       0.001301         3.4112       3.4112
      16       3338       0.006009       0.001216         4.0591       4.0591
      17       3722       0.004793       0.001063         3.9582       3.9582
      18       4170       0.003729       0.000911         3.7992       3.7992
      19       4358       0.002818       0.000821         3.5789       3.5789

  M = 10:
       r    N_shell           C(r)           g(r)        Flux(r)       Flux/M
       1         18       2.487594       1.180575        21.2504       2.1250
       2         62       1.307018       0.422988        26.2252       2.6225
       3         98       0.884030       0.233258        22.8593       2.2859
       4        210       0.650772       0.161872        33.9930       3.3993
       5        350       0.488900       0.106021        37.1072       3.7107
       6        450       0.382880       0.070319        31.6437       3.1644
       7        602       0.312560       0.053840        32.4119       3.2412
       8        762       0.258720       0.045360        34.5640       3.4564
       9       1142       0.213360       0.036368        41.5321       4.1532
      10       1250       0.176992       0.027748        34.6849       3.4685
      11       1458       0.149244       0.023206        33.8342       3.3834
      12       1814       0.126039       0.020737        37.6177       3.7618
      13       2178       0.105301       0.017582        38.2936       3.8294
      14       2498       0.087719       0.014620        36.5218       3.6522
      15       2622       0.073099       0.013010        34.1115       3.4112
      16       3338       0.060089       0.012160        40.5910       4.0591
      17       3722       0.047929       0.010635        39.5823       3.9582
      18       4170       0.037294       0.009111        37.9919       3.7992
      19       4358       0.028183       0.008212        35.7889       3.5789

  M = 100:
       r    N_shell           C(r)           g(r)        Flux(r)       Flux/M
       1         18      24.875935      11.805755       212.5036       2.1250
       2         62      13.070180       4.229878       262.2524       2.6225
       3         98       8.840302       2.332584       228.5932       2.2859
       4        210       6.507719       1.618716       339.9305       3.3993
       5        350       4.889002       1.060207       371.0724       3.7107
       6        450       3.828795       0.703194       316.4372       3.1644
       7        602       3.125602       0.538403       324.1188       3.2412
       8        762       2.587198       0.453596       345.6402       3.4564
       9       1142       2.133602       0.363679       415.3215       4.1532
      10       1250       1.769923       0.277479       346.8488       3.4685
      11       1458       1.492444       0.232059       338.3419       3.3834
      12       1814       1.260385       0.207374       376.1773       3.7618
      13       2178       1.053011       0.175820       382.9357       3.8294
      14       2498       0.877191       0.146204       365.2185       3.6522
      15       2622       0.730987       0.130097       341.1150       3.4112
      16       3338       0.600889       0.121603       405.9100       4.0591
      17       3722       0.479286       0.106347       395.8226       3.9582
      18       4170       0.372940       0.091108       379.9187       3.7992
      19       4358       0.281832       0.082122       357.8889       3.5789

  M = 500:
       r    N_shell           C(r)           g(r)        Flux(r)       Flux/M
       1         18     124.379676      59.028775      1062.5179       2.1250
       2         62      65.350902      21.149391      1311.2622       2.6225
       3         98      44.201511      11.662918      1142.9659       2.2859
       4        210      32.538593       8.093582      1699.6523       3.3993
       5        350      24.445011       5.301034      1855.3619       3.7107
       6        450      19.143976       3.515969      1582.1859       3.1644
       7        602      15.628008       2.692016      1620.5938       3.2412
       8        762      12.935992       2.267980      1728.2011       3.4564
       9       1142      10.668011       1.818395      2076.6073       4.1532
      10       1250       8.849616       1.387395      1734.2441       3.4685
      11       1458       7.462221       1.160294      1691.7094       3.3834
      12       1814       6.301926       1.036872      1880.8867       3.7618
      13       2178       5.265054       0.879099      1914.6785       3.8294
      14       2498       4.385954       0.731022      1826.0923       3.6522
      15       2622       3.654933       0.650486      1705.5752       3.4112
      16       3338       3.004446       0.608014      2029.5499       4.0591
      17       3722       2.396432       0.531734      1979.1132       3.9582
      18       4170       1.864699       0.455538      1899.5933       3.7992
      19       4358       1.409161       0.410611      1789.4446       3.5789

======================================================================
  PART 6: PHYSICAL SCHWARZSCHILD RADIUS — LATTICE GAUSS LAW
======================================================================

       M     r_s(Gauss)      r_s = 2GM      ratio
  ------   ------------   ------------   --------
       1            4.0           0.51     7.8678
       2            4.0           1.02     3.9339
       3            4.0           1.53     2.6226
       5            4.0           2.54     1.5736
       8            4.0           4.07     0.9835
      10            4.0           5.08     0.7868
      15            4.0           7.63     0.5245
      20            4.0          10.17     0.3934
      30            4.0          15.25     0.2623
      40            4.0          20.34     0.1967
      50            4.0          25.42     0.1574
      60            4.0          30.50     0.1311
      80            4.0          40.67     0.0983
     100            4.0          50.84     0.0787
     150            4.0          76.26     0.0525
     200            4.0         101.68     0.0393
     300            4.0         152.52     0.0262
     500            4.0         254.20     0.0157

======================================================================
  PART 7: LATTICE SATURATION RADIUS (phi > 1 PER NODE)
======================================================================

  A_geom = C(r=1, M=1) = 0.248759
  Prediction: r_s = M * A_geom = M * 0.248759
  Schwarzschild: r_s = 2 * G_eff * M = M * 0.508400
  Match requires: A_geom = 2*G_eff = 0.508400

       M     r_s(phi=1)        r_s=2GM      ratio
  ------   ------------   ------------   --------
       1           0.00           0.51     0.0000
       2           0.00           1.02     0.0000
       3           0.00           1.53     0.0000
       5           1.41           2.54     0.5559
       8           2.13           4.07     0.5249
      10           2.73           5.08     0.5362
      15           3.93           7.63     0.5156
      20           4.93          10.17     0.4850
      30           6.70          15.25     0.4396
      40           8.19          20.34     0.4028
      50           9.37          25.42     0.3685
      60          10.37          30.50     0.3400
      80          12.05          40.67     0.2963
     100          13.30          50.84     0.2616
     150          15.49          76.26     0.2032
     200          16.83         101.68     0.1655
     300          18.43         152.52     0.1209
     500          20.00         254.20     0.0787

  USING FITTED AMPLITUDE:

  A_fit = M * a_0,  a_0 = 0.307704
  => r_s(phi=1) = M * a_0 = M * 0.307704
  2*G_eff = 0.508400
  Ratio a_0 / (2*G_eff) = 0.605240

       M        A_fit    r_s=A_fit      r_s=2GM      ratio
  ------   ----------   ----------   ----------   --------
       1       0.3077       0.3077         0.51     0.6052
       2       0.6154       0.6154         1.02     0.6052
       3       0.9231       0.9231         1.53     0.6052
       5       1.5385       1.5385         2.54     0.6052
       8       2.4616       2.4616         4.07     0.6052
      10       3.0770       3.0770         5.08     0.6052
      15       4.6156       4.6156         7.63     0.6052
      20       6.1541       6.1541        10.17     0.6052
      30       9.2311       9.2311        15.25     0.6052
      40      12.3082      12.3082        20.34     0.6052
      50      15.3852      15.3852        25.42     0.6052
      60      18.4622      18.4622        30.50     0.6052
      80      24.6163      24.6163        40.67     0.6052
     100      30.7704      30.7704        50.84     0.6052
     150      46.1556      46.1556        76.26     0.6052
     200      61.5408      61.5408       101.68     0.6052
     300      92.3112      92.3112       152.52     0.6052
     500     153.8519     153.8519       254.20     0.6052

======================================================================
  GENERATING FIGURE: r_s vs M
======================================================================

  Saved: sim1_schwarzschild_radius.png/pdf

======================================================================
  SUMMARY
======================================================================

  G_eff (Paper 20)        = 0.2542
  Prediction              : r_s = 2*G_eff*M = 0.5084 * M
  Lattice 1/r amplitude   : A_fit = 0.307704 * M
  Ratio a_0 / (2*G_eff)   = 0.605240

  RESULT: Measured slope a_0 = 0.307704
  Predicted slope 2*G_eff = 0.5084
  These differ by 39.5%

  The lattice Schwarzschild radius is:
    r_s = 0.307704 * M  (lattice measurement)
    r_s = 0.5084 * M  (Paper 20 prediction)

  The slope IS the parameter-free prediction: a_0 encodes G_eff
  from the SAME lattice that produced it.

  Runtime: 279.6 seconds
======================================================================